# This file uses centimeters as units for non-parametric coordinates.;
;
v -1.622182 -0.000000 1.622182;
v 1.622182 -0.000000 1.622182;
v -1.622182 1.814633 -1.622182;
v 0.426510 1.814633 -1.622182;
v -3.115767 5.206342 -2.904198;
v 1.920095 5.206342 -2.904198;
v 2.262825 6.867146 1.489637;
v 3.774687 6.867146 1.489637;
v -3.932454 4.341591 2.444258;
v 0.045962 4.341590 2.444258;
v -5.037704 2.872029 -1.443628;
v -3.623831 2.872029 -1.443628;
v -6.381512 8.550608 -2.457506;
v -2.280024 8.550607 -2.457505;
v -3.093958 9.131144 0.793998;
v -2.021018 9.131143 0.793998;
vt 0.000000 0.000000;
vt 1.000000 0.000000;
vt 0.000000 1.000000;
vt 1.000000 1.000000;
vt 0.000000 0.000000;
vt 1.000000 0.000000;
vt 1.000000 1.000000;
vt 0.000000 1.000000;
vt 0.000000 0.000000;
vt 1.000000 0.000000;
vt 1.000000 1.000000;
vt 0.000000 1.000000;
vt 0.000000 0.000000;
vt 1.000000 0.000000;
vt 1.000000 1.000000;
vt 0.000000 1.000000;
vt 0.000000 0.000000;
vt 1.000000 0.000000;
vt 1.000000 1.000000;
vt 0.000000 1.000000;
vt 0.000000 0.000000;
vt 1.000000 0.000000;
vt 1.000000 1.000000;
vt 0.000000 1.000000;
vt 0.000000 0.000000;
vt 1.000000 0.000000;
vt 1.000000 1.000000;
vt 0.000000 1.000000;
s off;
g pPlane1;
f 1 1 2 2 4 4 3 3;
f 3 5 4 6 6 7 5 8;
f 5 9 6 10 8 11 7 12;
f 7 13 8 14 10 15 9 16;
f 9 17 10 18 12 19 11 20;
f 11 21 12 22 14 23 13 24;
f 13 25 14 26 16 27 15 28;
