# This file uses centimeters as units for non-parametric coordinates.;
;
v -1.622182 -0.000000 1.622182;
v 1.622182 -0.000000 1.622182;
v -1.622182 1.814633 -1.622182;
v 0.426510 1.814633 -1.622182;
v -3.115767 5.206342 -2.904198;
v 1.920095 5.206342 -2.904198;
v 2.262825 6.867146 1.489637;
v 3.774687 6.867146 1.489637;
v -3.932454 4.341591 2.444258;
v 0.045962 4.341590 2.444258;
v -5.037704 2.872029 -1.443628;
v -3.623831 2.872029 -1.443628;
v -6.381512 8.550608 -2.457506;
v -2.280024 8.550607 -2.457505;
v -3.093958 9.131144 0.793998;
v -2.021018 9.131143 0.793998;
v -4.973573 -1.777624 4.800379;
v -3.742275 -1.777624 4.800379;
v -2.659599 2.773284 4.464907;
v -3.936157 2.096180 5.675494;
v 0.803725 5.189365 6.062124;
v -3.435406 2.940870 10.082183;
v -1.020244 10.421618 10.849009;
v -1.968422 9.918692 11.748186;
v -7.224036 15.058383 11.413408;
v 2.109070 15.058383 0.389053;
vt 0.000000 0.000000;
vt 1.000000 0.000000;
vt 0.000000 1.000000;
vt 1.000000 1.000000;
vt 0.000000 0.000000;
vt 1.000000 0.000000;
vt 1.000000 1.000000;
vt 0.000000 1.000000;
vt 0.000000 0.000000;
vt 1.000000 0.000000;
vt 1.000000 1.000000;
vt 0.000000 1.000000;
vt 0.000000 0.000000;
vt 1.000000 0.000000;
vt 1.000000 1.000000;
vt 0.000000 1.000000;
vt 0.000000 0.000000;
vt 1.000000 0.000000;
vt 1.000000 1.000000;
vt 0.000000 1.000000;
vt 0.000000 0.000000;
vt 1.000000 0.000000;
vt 1.000000 1.000000;
vt 0.000000 1.000000;
vt 0.000000 0.000000;
vt 1.000000 0.000000;
vt 1.000000 1.000000;
vt 0.000000 1.000000;
vt 0.000000 0.000000;
vt 1.000000 0.000000;
vt 1.000000 1.000000;
vt 0.000000 1.000000;
vt 0.000000 0.000000;
vt 1.000000 0.000000;
vt 1.000000 1.000000;
vt 0.000000 1.000000;
vt 0.000000 0.000000;
vt 1.000000 0.000000;
vt 1.000000 1.000000;
vt 0.000000 1.000000;
vt 0.000000 0.000000;
vt 1.000000 0.000000;
vt 1.000000 1.000000;
vt 0.000000 1.000000;
vt 0.000000 0.000000;
vt 1.000000 0.000000;
vt 1.000000 1.000000;
vt 0.000000 1.000000;
s 1;
g pPlane1;
f 1 1 2 2 4 4 3 3;
s off;
f 3 5 4 6 6 7 5 8;
f 5 9 6 10 8 11 7 12;
f 7 13 8 14 10 15 9 16;
f 9 17 10 18 12 19 11 20;
f 11 21 12 22 14 23 13 24;
f 13 25 14 26 16 27 15 28;
s 1;
f 2 29 1 30 17 31 18 32;
s off;
f 17 33 1 34 19 35 20 36;
f 20 37 19 38 21 39 22 40;
f 22 41 21 42 23 43 24 44;
f 15 45 16 46 26 47 25 48;
