# This file uses centimeters as units for non-parametric coordinates.;
;
v -3.169286 2.529569 3.852539;
v 4.159386 2.529569 3.852539;
v -14.556968 14.901475 8.843160;
v 14.756567 12.511431 -7.648776;
v 4.162564 -1.550811 12.963288;
v 4.159386 9.562200 8.895105;
v -2.593982 -7.595156 0.494657;
v -12.518306 -11.675535 12.024291;
v -11.092741 -16.323915 -4.057430;
v 10.396451 -18.205153 7.472204;
v 13.866985 -11.826739 -6.441282;
v -4.830459 -6.571904 -13.769953;
v -10.371348 -21.298783 -9.398194;
v -1.233531 -24.080944 4.849696;
v -9.707871 -37.611312 -13.009031;
v -0.570046 -40.393464 -6.415820;
v 20.268321 -29.773814 1.626123;
v 20.931807 -35.902220 -14.579002;
v -0.992205 -50.439613 12.939656;
v 20.509646 -58.137971 -18.797429;
v -12.363770 23.845972 -17.016445;
v -9.731964 14.577170 -27.310261;
v -25.472130 -2.908241 -34.988380;
v 6.474911 4.748559 -48.528693;
vt 0.000000 0.000000;
vt 1.000000 0.000000;
vt 0.000000 1.000000;
vt 1.000000 1.000000;
vt 0.000000 0.000000;
vt 1.000000 0.000000;
vt 1.000000 1.000000;
vt 0.000000 1.000000;
vt 0.000000 0.000000;
vt 1.000000 0.000000;
vt 1.000000 1.000000;
vt 0.000000 1.000000;
vt 0.000000 0.000000;
vt 1.000000 0.000000;
vt 1.000000 1.000000;
vt 0.000000 1.000000;
vt 0.000000 0.000000;
vt 1.000000 0.000000;
vt 1.000000 1.000000;
vt 0.000000 1.000000;
vt 0.000000 0.000000;
vt 1.000000 0.000000;
vt 1.000000 1.000000;
vt 0.000000 1.000000;
vt 0.000000 0.000000;
vt 1.000000 0.000000;
vt 1.000000 1.000000;
vt 0.000000 1.000000;
vt 0.000000 0.000000;
vt 1.000000 0.000000;
vt 1.000000 1.000000;
vt 0.000000 1.000000;
vt 0.000000 0.000000;
vt 1.000000 0.000000;
vt 1.000000 1.000000;
vt 0.000000 1.000000;
vt 0.000000 0.000000;
vt 1.000000 0.000000;
vt 1.000000 1.000000;
vt 0.000000 1.000000;
vt 0.000000 0.000000;
vt 1.000000 0.000000;
vt 1.000000 1.000000;
vt 0.000000 1.000000;
s off;
g pPlane1;
f 1 1 4 4 3 3;
f 1 1 2 2 4 4;
s 3;
f 6 8 1 6 5 7;
s off;
f 2 5 1 6 6 8;
s 5;
f 8 12 1 10 7 11;
s 3;
f 5 9 1 10 8 12;
s 5;
f 8 13 7 14 9 15;
s off;
f 8 13 9 15 10 16;
f 4 17 2 18 12 20;
f 12 20 2 18 11 19;
s 9;
f 14 24 9 22 13 23;
s off;
f 10 21 9 22 14 24;
s 9;
f 14 25 13 26 15 27;
s off;
f 14 29 16 30 18 31;
f 18 33 16 34 19 35;
f 18 33 19 35 20 36;
f 14 29 18 31 17 32;
f 14 25 15 27 16 28;
f 4 37 12 38 22 39;
f 4 37 22 39 21 40;
f 22 41 12 42 24 44;
f 24 44 12 42 23 43;
